Channel 72 has 34 muscular artifacts and 16ocular artifacts from 530 windows with artifacts.
0 = brain signal, 1 = muscle artifact, 2 = ocular artifact 
166600, 0
166728, 0
166856, 0
166984, 0
167112, 0
167240, 0
167368, 0
167496, 0
167624, 0
167752, 0
167880, 0
168008, 0
168136, 0
168264, 0
168392, 0
168520, 0
168648, 0
168776, 0
168904, 0
169032, 0
169160, 0
169288, 0
169416, 0
169544, 0
169672, 0
169800, 0
169928, 0
170056, 0
170184, 0
170312, 0
170440, 0
170696, 1
170824, 1
170952, 1
171080, 1
171336, 0
171464, 0
171592, 0
171720, 0
171848, 0
171976, 0
172104, 0
172232, 0
172360, 0
172488, 0
172744, 1
172872, 2
173000, 2
173128, 2
173256, 2
173512, 0
173640, 0
173768, 0
173896, 0
174024, 0
174152, 0
174280, 0
174408, 0
174536, 0
174664, 0
174792, 0
174920, 0
175048, 0
175176, 0
175304, 0
175432, 0
175560, 0
175688, 0
175816, 0
175944, 0
176072, 0
176200, 0
176328, 0
176456, 0
176584, 0
176712, 0
176840, 0
176968, 0
177096, 0
177224, 0
177352, 0
177480, 0
177608, 0
177736, 0
177864, 0
177992, 0
178120, 0
178248, 0
178376, 0
178504, 0
178632, 0
178760, 0
178888, 0
179016, 0
179144, 0
179272, 0
179400, 0
179656, 0
179784, 2
179912, 2
180168, 1
180296, 1
180424, 1
180552, 1
180680, 2
180936, 2
181192, 0
181320, 0
181448, 0
181576, 0
181704, 0
181832, 0
181960, 0
182088, 0
182216, 0
182344, 0
182472, 0
182600, 0
182728, 0
182856, 0
182984, 0
183112, 0
183240, 0
183368, 0
183496, 0
183624, 0
183752, 0
183880, 0
184008, 0
184136, 0
184264, 0
184392, 0
184520, 0
184648, 0
184776, 0
184904, 0
185032, 0
185160, 0
185288, 0
185416, 0
185544, 0
185672, 0
185800, 0
185928, 0
186056, 0
186184, 0
186312, 0
186440, 0
186568, 0
186696, 0
186824, 0
186952, 0
187080, 0
187208, 0
187336, 0
187464, 0
187592, 0
187720, 0
187848, 0
187976, 0
188104, 0
188232, 0
188360, 0
188488, 0
188616, 0
188744, 0
188872, 0
189000, 0
189128, 0
189256, 0
189512, 1
189640, 1
189768, 1
189896, 1
190024, 1
190280, 1
190408, 2
190536, 2
190664, 2
190792, 0
190920, 0
191048, 0
191176, 0
191304, 0
191432, 0
191560, 0
191688, 0
191816, 0
191944, 0
192072, 0
192200, 0
192328, 0
192456, 0
192584, 0
192712, 0
192840, 0
192968, 0
193096, 0
193224, 0
193352, 0
193480, 0
193608, 0
193736, 0
193864, 0
193992, 0
194120, 0
194248, 0
194376, 0
194504, 0
194632, 0
194760, 0
194888, 0
195016, 0
195144, 0
195272, 0
195400, 0
195528, 0
195656, 0
195784, 0
195912, 0
196040, 0
196168, 0
196296, 0
197832, 0
197960, 0
198088, 0
198216, 0
198344, 0
198472, 0
198600, 0
198728, 0
198856, 0
198984, 0
199112, 0
199240, 0
199368, 0
199496, 0
199624, 0
199752, 0
199880, 0
200008, 0
200136, 0
200264, 0
200392, 0
200520, 0
200648, 0
200776, 0
200904, 0
201032, 0
201160, 0
201288, 0
201416, 0
201544, 0
201672, 0
201800, 0
201928, 0
202056, 0
202184, 0
202312, 0
202440, 0
202568, 0
202696, 0
202824, 0
202952, 0
203080, 0
203208, 0
203336, 0
203464, 0
203592, 0
203720, 0
203848, 0
203976, 0
204104, 0
204232, 0
204360, 0
204488, 0
204616, 0
204744, 0
204872, 0
205000, 0
205128, 0
205256, 0
205384, 0
205512, 0
205640, 0
205768, 0
205896, 0
206024, 0
206152, 0
206280, 0
206408, 0
206536, 0
206664, 0
206792, 0
206920, 0
207048, 0
207176, 0
207304, 0
207432, 0
207560, 0
207688, 0
207816, 0
207944, 0
208072, 0
208200, 0
208328, 0
208456, 0
208584, 0
208712, 0
208840, 0
208968, 0
209096, 0
209224, 0
209352, 0
209480, 0
209608, 0
209736, 0
209864, 0
209992, 0
210120, 0
210248, 0
210376, 0
210504, 0
210632, 1
210760, 1
210888, 2
211016, 1
211144, 1
211400, 1
211528, 2
211656, 2
211784, 0
211912, 0
212040, 0
212168, 0
212296, 0
212424, 0
212552, 0
212680, 0
212808, 0
212936, 0
213064, 0
213192, 0
213320, 0
213448, 0
213576, 0
213704, 0
213832, 0
213960, 0
214088, 0
214200, 0
214328, 0
214456, 0
214584, 0
214712, 0
214840, 0
214968, 0
215096, 0
215224, 0
215352, 0
215480, 0
215608, 0
215736, 0
215864, 0
215992, 0
216120, 0
216248, 0
216376, 0
216504, 0
216632, 0
216760, 0
216888, 0
217016, 0
217144, 0
217272, 0
217400, 0
217528, 0
217656, 0
217784, 0
217912, 0
218168, 1
218296, 1
218424, 2
218680, 0
218808, 0
218936, 0
219064, 0
219192, 0
219320, 0
219448, 0
219576, 0
219704, 0
219832, 0
219960, 0
220088, 0
220216, 0
220344, 0
220472, 0
220600, 0
220728, 0
220856, 0
220984, 0
221112, 0
221240, 0
221368, 0
221496, 0
221624, 0
221752, 0
221880, 0
222008, 0
222136, 0
222264, 0
222392, 0
222520, 0
222648, 0
222776, 0
222904, 0
223032, 0
223160, 0
223288, 0
223416, 0
223544, 0
223672, 0
223800, 0
223928, 0
224056, 0
224184, 0
224312, 0
224440, 0
224568, 0
224696, 0
224824, 0
224952, 0
225080, 0
225208, 0
225336, 0
225464, 0
225592, 0
225720, 0
225848, 0
226104, 1
226232, 1
226360, 1
226488, 1
226616, 1
226744, 1
227000, 1
227128, 2
227384, 0
227512, 0
227640, 0
227768, 0
227896, 0
228024, 0
228152, 0
228280, 0
228408, 0
228536, 0
228664, 0
228792, 0
228920, 0
229048, 0
229176, 0
229304, 0
229432, 0
229560, 0
229688, 0
229816, 0
229944, 0
230072, 0
230200, 0
230328, 0
230456, 0
230584, 0
230712, 0
230840, 0
230968, 0
231096, 0
231224, 0
231352, 0
231480, 0
231608, 0
231736, 0
231864, 0
231992, 0
232120, 0
232248, 0
232376, 0
232504, 0
232632, 0
232760, 0
232888, 0
233016, 0
233144, 0
233272, 0
233400, 0
233528, 0
233656, 0
233784, 0
233912, 0
234040, 0
234168, 0
234296, 0
234424, 0
234552, 0
234680, 0
234808, 0
234936, 0
235064, 0
235192, 0
235320, 0
235448, 0
235576, 0
235704, 0
235832, 0
235960, 0
236088, 0
236216, 0
236344, 0
236472, 0
236600, 0
236728, 0
236856, 0
237112, 1
237240, 1
237368, 1
237496, 1
237624, 1
237752, 0
237880, 0
